
G31-mtp-p45450-tp2  (44 metrics lines)
      ctx  accept_len               per-position
      500        1.75        0.496, 0.168, 0.067
     1000        1.71        0.476, 0.148, 0.040
     2000        1.61        0.448, 0.135, 0.035
     4000        1.54        0.447, 0.130, 0.031
     6000        1.55        0.411, 0.084, 0.025
     8000        1.59        0.482, 0.130, 0.036
    12000        1.52        0.436, 0.116, 0.022
    16000        1.53        0.403, 0.126, 0.019
    20000        1.49        0.416, 0.087, 0.026
    24000        1.49        0.365, 0.087, 0.018
    32000        1.46        0.412, 0.104, 0.014
  overall mean acceptance length 1.54

Q38-mtp-p45450-tp2  (46 metrics lines)
      ctx  accept_len               per-position
      500        3.56        0.924, 0.873, 0.828
     1000        3.43        0.799, 0.598, 0.475
     2000        2.83        0.711, 0.572, 0.447
     4000        2.78        0.822, 0.693, 0.584
     6000        2.85        0.794, 0.698, 0.595
     8000        3.16        0.742, 0.645, 0.387
    12000        2.43        0.701, 0.493, 0.269
    16000        2.52        0.721, 0.452, 0.308
    20000        2.52        0.711, 0.469, 0.375
    24000        2.48        0.658, 0.436, 0.308
    32000        2.29        0.768, 0.556, 0.414
  overall mean acceptance length 2.67

Q38-mtp-tp2  (46 metrics lines)
      ctx  accept_len               per-position
      500        3.67        0.970, 0.940, 0.918
     1000        3.07        0.735, 0.577, 0.434
     2000        2.86        0.685, 0.515, 0.360
     4000        2.93        0.835, 0.796, 0.748
     6000        2.94        0.729, 0.528, 0.396
     8000        2.92        0.656, 0.497, 0.306
    12000        2.76        0.717, 0.467, 0.317
    16000        2.51        0.673, 0.355, 0.218
    20000        2.60        0.729, 0.535, 0.457
    24000        2.76        0.769, 0.521, 0.376
    32000        2.48        0.737, 0.465, 0.343
  overall mean acceptance length 2.77

Q38-mtp-triton-p45450-tp2  (43 metrics lines)
      ctx  accept_len               per-position
      500        3.22        0.782, 0.612, 0.521
     1000        2.90        0.718, 0.552, 0.379
     2000        2.93        0.791, 0.691, 0.554
     4000        2.52        0.653, 0.449, 0.378
     6000        2.87        0.740, 0.570, 0.500
     8000        2.65        0.486, 0.361, 0.264
    12000        2.63        0.667, 0.552, 0.391
    16000        2.33        0.579, 0.368, 0.263
    20000        2.68        0.683, 0.537, 0.382
    24000        2.39        0.613, 0.370, 0.227
    32000        2.72        0.639, 0.381, 0.204
  overall mean acceptance length 2.68

Q38-mtp-triton-tp2  (62 metrics lines)
      ctx  accept_len               per-position
      500        3.06        0.952, 0.918, 0.877
     1000        2.67        0.781, 0.606, 0.516
     2000        2.87        0.743, 0.509, 0.345
     4000        2.86        0.714, 0.482, 0.304
     6000        2.98        0.615, 0.370, 0.259
     8000        2.76        0.589, 0.342, 0.164
    12000        2.85        0.638, 0.319, 0.181
    16000        2.44        0.671, 0.430, 0.304
    20000        2.59        0.691, 0.441, 0.191
    24000        2.86        0.767, 0.533, 0.333
    32000        2.52        0.667, 0.542, 0.417
  overall mean acceptance length 2.73
